{
 "cells": [
  {
   "cell_type": "code",
   "execution_count": 757,
   "metadata": {},
   "outputs": [],
   "source": [
    "import numpy as np\n",
    "import pandas as pd\n",
    "import matplotlib.pyplot as plt\n",
    "import matplotlib.transforms as mtransforms\n",
    "from tqdm.notebook import tqdm\n",
    "from scipy.optimize import minimize\n",
    "\n",
    "#! conda install -c conda-forge yfinance\n",
    "#! conda install -c anaconda pandas-datareader\n",
    "\n",
    "from pandas_datareader import data as pdr"
   ]
  },
  {
   "cell_type": "code",
   "execution_count": 758,
   "metadata": {},
   "outputs": [
    {
     "name": "stdout",
     "output_type": "stream",
     "text": [
      "          0         1         2         3         4\n",
      "0 -0.005763 -0.026772 -0.087660  0.026042 -0.003650\n",
      "1  0.058059  0.113269  0.175373  0.096116  0.076657\n",
      "2 -0.037039  0.035610 -0.026984 -0.077318 -0.144086\n",
      "3  0.055546 -0.002807  0.093801  0.044626  0.089131\n",
      "4  0.037787  0.035890  0.021626  0.163150  0.064524\n",
      "5 -0.027950  0.001359 -0.032117  0.000000  0.011108\n",
      "6 -0.030104  0.033921 -0.096531 -0.082795 -0.038002\n",
      "7 -0.038620 -0.002625  0.012521 -0.055120 -0.072861\n",
      "8  0.015789 -0.039474  0.003298 -0.023832 -0.053040\n",
      "9 -0.046614 -0.045890 -0.064092 -0.084280 -0.121014\n"
     ]
    }
   ],
   "source": [
    "\n",
    "\n",
    "# Load the CSV data into a pandas DataFrame\n",
    "returns = pd.read_csv('/Users/ronaldleung/Library/CloudStorage/OneDrive-ImperialCollegeLondon/Computational Finance with C++/Assignment/data/asset_returns_small.csv', header=None)\n",
    "returns_large = pd.read_csv('/Users/ronaldleung/Library/CloudStorage/OneDrive-ImperialCollegeLondon/Computational Finance with C++/Assignment/data/asset_returns.csv', header=None)\n",
    "\n",
    "\n",
    "# Select the first two rows and two columns\n",
    "#data = data.iloc[:2, :2]\n",
    "print(returns)\n"
   ]
  },
  {
   "cell_type": "code",
   "execution_count": 759,
   "metadata": {},
   "outputs": [
    {
     "name": "stdout",
     "output_type": "stream",
     "text": [
      "_______\n",
      "Mean Daily Returns:\n",
      "0     0.000411\n",
      "1     0.002837\n",
      "2     0.000577\n",
      "3     0.001840\n",
      "4     0.001710\n",
      "        ...   \n",
      "78    0.004689\n",
      "79    0.000466\n",
      "80    0.002742\n",
      "81    0.001546\n",
      "82    0.005544\n",
      "Length: 83, dtype: float64\n",
      "\n",
      "_______\n",
      "Covariance Matrix:\n",
      "          0         1         2         3         4         5         6   \\\n",
      "0   0.001398  0.000317  0.000401  0.000527  0.001158  0.000635  0.000621   \n",
      "1   0.000317  0.000717  0.000318  0.000341  0.000333  0.000367  0.000385   \n",
      "2   0.000401  0.000318  0.000914  0.000470  0.000535  0.000407  0.000391   \n",
      "3   0.000527  0.000341  0.000470  0.001305  0.000664  0.000466  0.000479   \n",
      "4   0.001158  0.000333  0.000535  0.000664  0.002643  0.000744  0.000830   \n",
      "..       ...       ...       ...       ...       ...       ...       ...   \n",
      "78  0.000508  0.000214  0.000195  0.000417  0.000891  0.000396  0.000506   \n",
      "79  0.000837  0.000283  0.000322  0.000443  0.001189  0.000560  0.000633   \n",
      "80  0.000396  0.000243  0.000259  0.000350  0.000671  0.000392  0.000347   \n",
      "81  0.000566  0.000317  0.000410  0.000402  0.000902  0.000468  0.000578   \n",
      "82  0.000364  0.000251  0.000209  0.000366  0.000686  0.000360  0.000459   \n",
      "\n",
      "          7         8         9   ...        73        74        75        76  \\\n",
      "0   0.000576  0.000427  0.001236  ...  0.000356  0.000746  0.000837  0.000974   \n",
      "1   0.000384  0.000281  0.000358  ...  0.000259  0.000306  0.000277  0.000246   \n",
      "2   0.000449  0.000678  0.000608  ...  0.000235  0.000410  0.000249  0.000293   \n",
      "3   0.000512  0.000390  0.000705  ...  0.000296  0.000497  0.000455  0.000479   \n",
      "4   0.000697  0.000571  0.001780  ...  0.000486  0.001113  0.001229  0.001752   \n",
      "..       ...       ...       ...  ...       ...       ...       ...       ...   \n",
      "78  0.000353  0.000121  0.000856  ...  0.000307  0.000915  0.000767  0.001336   \n",
      "79  0.000526  0.000299  0.001051  ...  0.000440  0.000846  0.000880  0.001152   \n",
      "80  0.000352  0.000249  0.000773  ...  0.000168  0.000642  0.000531  0.000629   \n",
      "81  0.000474  0.000357  0.000924  ...  0.000324  0.000800  0.000732  0.001004   \n",
      "82  0.000388  0.000221  0.000492  ...  0.000164  0.000496  0.000548  0.000872   \n",
      "\n",
      "          77        78        79        80        81        82  \n",
      "0   0.000917  0.000508  0.000837  0.000396  0.000566  0.000364  \n",
      "1   0.000309  0.000214  0.000283  0.000243  0.000317  0.000251  \n",
      "2   0.000226  0.000195  0.000322  0.000259  0.000410  0.000209  \n",
      "3   0.000480  0.000417  0.000443  0.000350  0.000402  0.000366  \n",
      "4   0.001465  0.000891  0.001189  0.000671  0.000902  0.000686  \n",
      "..       ...       ...       ...       ...       ...       ...  \n",
      "78  0.001068  0.002010  0.000661  0.000507  0.000623  0.000454  \n",
      "79  0.001170  0.000661  0.001573  0.000442  0.000698  0.000402  \n",
      "80  0.000696  0.000507  0.000442  0.001325  0.000414  0.000321  \n",
      "81  0.000726  0.000623  0.000698  0.000414  0.001404  0.000407  \n",
      "82  0.000575  0.000454  0.000402  0.000321  0.000407  0.001941  \n",
      "\n",
      "[83 rows x 83 columns]\n"
     ]
    }
   ],
   "source": [
    "mean_returns = returns_large.mean()\n",
    "cov_matrix = returns_large.cov()\n",
    "print('_______\\nMean Daily Returns:\\n' +str(mean_returns))\n",
    "print('\\n_______\\nCovariance Matrix:\\n' +str(cov_matrix))"
   ]
  },
  {
   "cell_type": "markdown",
   "metadata": {},
   "source": [
    "## Calculate mean daily return and covariance of daily returns"
   ]
  },
  {
   "cell_type": "code",
   "execution_count": 760,
   "metadata": {},
   "outputs": [
    {
     "name": "stdout",
     "output_type": "stream",
     "text": [
      "_______\n",
      "Mean Daily Returns:\n",
      "0   -0.001891\n",
      "1    0.010248\n",
      "2   -0.000077\n",
      "3    0.000659\n",
      "4   -0.019123\n",
      "dtype: float64\n",
      "\n",
      "_______\n",
      "Covariance Matrix:\n",
      "          0         1         2         3         4\n",
      "0  0.001651  0.000818  0.002675  0.002792  0.002810\n",
      "1  0.000818  0.002209  0.002359  0.001694  0.001582\n",
      "2  0.002675  0.002359  0.007007  0.004111  0.004153\n",
      "3  0.002792  0.001694  0.004111  0.006896  0.005741\n",
      "4  0.002810  0.001582  0.004153  0.005741  0.006604\n"
     ]
    }
   ],
   "source": [
    "mean_returns = returns.mean()\n",
    "cov_matrix = returns.cov()\n",
    "print('_______\\nMean Daily Returns:\\n' +str(mean_returns))\n",
    "print('\\n_______\\nCovariance Matrix:\\n' +str(cov_matrix))"
   ]
  },
  {
   "cell_type": "markdown",
   "metadata": {},
   "source": [
    "## Portfolio optimisation"
   ]
  },
  {
   "cell_type": "code",
   "execution_count": 761,
   "metadata": {},
   "outputs": [
    {
     "name": "stdout",
     "output_type": "stream",
     "text": [
      "\n",
      "_______\n",
      " Matrix:\n",
      "[[ 1.65050277e-03  8.18195548e-04  2.67470651e-03  2.79154230e-03\n",
      "   2.80964685e-03 -1.89096200e-03 -1.00000000e+00]\n",
      " [ 8.18195548e-04  2.20931441e-03  2.35899129e-03  1.69373470e-03\n",
      "   1.58213448e-03  1.02481851e-02 -1.00000000e+00]\n",
      " [ 2.67470651e-03  2.35899129e-03  7.00660615e-03  4.11105975e-03\n",
      "   4.15259644e-03 -7.65197000e-05 -1.00000000e+00]\n",
      " [ 2.79154230e-03  1.69373470e-03  4.11105975e-03  6.89598316e-03\n",
      "   5.74105831e-03  6.58928800e-04 -1.00000000e+00]\n",
      " [ 2.80964685e-03  1.58213448e-03  4.15259644e-03  5.74105831e-03\n",
      "   6.60386671e-03 -1.91231931e-02 -1.00000000e+00]\n",
      " [-1.89096200e-03  1.02481851e-02 -7.65197000e-05  6.58928800e-04\n",
      "  -1.91231931e-02  0.00000000e+00  0.00000000e+00]\n",
      " [-1.00000000e+00 -1.00000000e+00 -1.00000000e+00 -1.00000000e+00\n",
      "  -1.00000000e+00  0.00000000e+00  0.00000000e+00]]\n",
      "(7, 7)\n"
     ]
    }
   ],
   "source": [
    "import numpy as np\n",
    "\n",
    "# Assuming inv_cov_matrix and mean_return are defined\n",
    "Q = np.block([[cov_matrix], [mean_returns.T], [np.full((1, len(mean_returns)), -1)]])\n",
    "\n",
    "array_ = np.append(mean_returns, np.zeros(2))\n",
    "array_2 = np.append(np.full(len(mean_returns), -1), np.zeros(2))\n",
    "\n",
    "Q = np.column_stack((Q, array_.T, array_2))\n",
    "\n",
    "print('\\n_______\\n Matrix:\\n' + str(Q))\n",
    "print(Q.shape)\n",
    "\n",
    "matrix = Q"
   ]
  },
  {
   "cell_type": "code",
   "execution_count": 762,
   "metadata": {},
   "outputs": [
    {
     "name": "stdout",
     "output_type": "stream",
     "text": [
      "\n",
      "_______\n",
      " Matrix:\n",
      "[[ 1.65050277e-03  8.18195548e-04  2.67470651e-03  2.79154230e-03\n",
      "   2.80964685e-03 -1.89096200e-03 -1.00000000e+00]\n",
      " [ 8.18195548e-04  2.20931441e-03  2.35899129e-03  1.69373470e-03\n",
      "   1.58213448e-03  1.02481851e-02 -1.00000000e+00]\n",
      " [ 2.67470651e-03  2.35899129e-03  7.00660615e-03  4.11105975e-03\n",
      "   4.15259644e-03 -7.65197000e-05 -1.00000000e+00]\n",
      " [ 2.79154230e-03  1.69373470e-03  4.11105975e-03  6.89598316e-03\n",
      "   5.74105831e-03  6.58928800e-04 -1.00000000e+00]\n",
      " [ 2.80964685e-03  1.58213448e-03  4.15259644e-03  5.74105831e-03\n",
      "   6.60386671e-03 -1.91231931e-02 -1.00000000e+00]\n",
      " [-1.89096200e-03  1.02481851e-02 -7.65197000e-05  6.58928800e-04\n",
      "  -1.91231931e-02  0.00000000e+00  0.00000000e+00]\n",
      " [-1.00000000e+00 -1.00000000e+00 -1.00000000e+00 -1.00000000e+00\n",
      "  -1.00000000e+00  0.00000000e+00  0.00000000e+00]]\n",
      "(7, 7)\n"
     ]
    }
   ],
   "source": [
    "import numpy as np\n",
    "\n",
    "\n",
    "\n",
    "# Assuming inv_cov_matrix and mean_return are defined\n",
    "Q = np.block([[cov_matrix], [mean_returns.T], [np.full((1, len(mean_returns)), -1)]])\n",
    "\n",
    "array_ = np.append(mean_returns, np.zeros(2))\n",
    "array_2 = np.append(np.full(len(mean_returns), -1), np.zeros(2))\n",
    "\n",
    "Q = np.column_stack((Q, array_.T, array_2))\n",
    "\n",
    "print('\\n_______\\n Matrix:\\n' + str(Q))\n",
    "print(Q.shape)\n"
   ]
  },
  {
   "cell_type": "code",
   "execution_count": 763,
   "metadata": {},
   "outputs": [
    {
     "name": "stdout",
     "output_type": "stream",
     "text": [
      "b array:  [ 0.  0.  0.  0.  0. -0. -1.]\n"
     ]
    }
   ],
   "source": [
    "target_returns = np.linspace(0, 0.1, 20)\n",
    "\n",
    "meanReturns_small = returns.mean()\n",
    "covarianceMatrix_small = returns.cov()\n",
    "\n",
    "b = np.append(np.zeros(len(meanReturns_small)), -(target_returns[0]))\n",
    "b = np.append(b, -1)\n",
    "print(\"b array: \",b)"
   ]
  },
  {
   "cell_type": "code",
   "execution_count": 764,
   "metadata": {},
   "outputs": [
    {
     "name": "stdout",
     "output_type": "stream",
     "text": [
      "b array: \n",
      " [ 0.  0.  0.  0.  0. -0. -1.]\n"
     ]
    }
   ],
   "source": [
    "target_returns = np.linspace(0, 0.1, 20)\n",
    "\n",
    "meanReturns_small = returns.mean()\n",
    "covarianceMatrix_small = returns.cov()\n",
    "\n",
    "b = np.append(np.zeros(len(meanReturns_small)), -(target_returns[0]))\n",
    "b = np.append(b, -1)\n",
    "print(\"b array: \\n\",b)"
   ]
  },
  {
   "cell_type": "code",
   "execution_count": 765,
   "metadata": {},
   "outputs": [
    {
     "data": {
      "text/plain": [
       "array([0.        , 0.00526316, 0.01052632, 0.01578947, 0.02105263,\n",
       "       0.02631579, 0.03157895, 0.03684211, 0.04210526, 0.04736842,\n",
       "       0.05263158, 0.05789474, 0.06315789, 0.06842105, 0.07368421,\n",
       "       0.07894737, 0.08421053, 0.08947368, 0.09473684, 0.1       ])"
      ]
     },
     "execution_count": 765,
     "metadata": {},
     "output_type": "execute_result"
    }
   ],
   "source": [
    "target_returns = np.linspace(0, 0.1, 20)\n",
    "\n",
    "target_returns"
   ]
  },
  {
   "cell_type": "code",
   "execution_count": 766,
   "metadata": {},
   "outputs": [
    {
     "data": {
      "text/plain": [
       "array([ 0.,  0.,  0.,  0.,  0., -0., -1.])"
      ]
     },
     "execution_count": 766,
     "metadata": {},
     "output_type": "execute_result"
    }
   ],
   "source": [
    "array_3 = np.append(np.zeros(len(mean_returns)), -(target_returns[0]))\n",
    "array_3 = np.append(array_3, -1)\n",
    "array_3"
   ]
  },
  {
   "cell_type": "code",
   "execution_count": 767,
   "metadata": {},
   "outputs": [
    {
     "name": "stdout",
     "output_type": "stream",
     "text": [
      "<class 'numpy.ndarray'>\n",
      "<class 'numpy.ndarray'>\n"
     ]
    }
   ],
   "source": [
    "print(type(array_3))\n",
    "print(type(matrix))\n"
   ]
  },
  {
   "cell_type": "markdown",
   "metadata": {},
   "source": [
    "## Conjugate Gradient Method – Quadratic Programs"
   ]
  },
  {
   "cell_type": "code",
   "execution_count": 777,
   "metadata": {},
   "outputs": [],
   "source": [
    "def conjugate_gradient(cov_matrix,mean_returns , b, x0, tol=1e-6):\n",
    "  \"\"\"\n",
    "  Solves a quadratic programming problem using the conjugate gradient method.\n",
    "\n",
    "  Args:\n",
    "      Q: The positive definite Hessian matrix.\n",
    "      b: The linear term of the objective function.\n",
    "      x0: The initial guess for the solution.\n",
    "      tol: The tolerance for convergence.\n",
    "      cov_matrix: The covariance matrix of the assets. it's a numpy matrix\n",
    "      mean_returns: The mean returns of the assets. it's a numpy array\n",
    "\n",
    "  Returns:\n",
    "      x0: The solution to the quadratic programming problem.\n",
    "  \"\"\"\n",
    "  Q = np.block([[cov_matrix], [mean_returns.T], [np.full((1, len(mean_returns)), -1)]])\n",
    "\n",
    "  array_ = np.append(mean_returns, np.zeros(2))\n",
    "  array_2 = np.append(np.full(len(mean_returns), -1), np.zeros(2))\n",
    "\n",
    "  Q = np.column_stack((Q, array_.T, array_2))\n",
    "\n",
    "  print('\\n_______\\n Matrix:\\n' + str(Q))\n",
    "  print(Q.shape)\n",
    "  \n",
    "  s0 = b - np.dot(Q, x0)\n",
    "  p0 = s0\n",
    "\n",
    "  i=0\n",
    "\n",
    "  while np.dot(s0.T, s0) > tol:\n",
    "\n",
    "    # 2. Compute the step size αk by αk = s⊤k sk / p⊤k Qpk\n",
    "\n",
    "    alpha = np.dot(s0.T, s0) / np.dot(np.dot(p0.T, matrix), p0)\n",
    "\n",
    "    # 3. Update the solution xk+1 = xk + αkpk\n",
    "    x0 = x0 + alpha * p0\n",
    "\n",
    "    # 4. Update the residual sk+1 = sk + αkQpk\n",
    "    s1 = s0 - alpha * np.dot(matrix, p0)\n",
    "\n",
    "    # 5. Compute the step direction pk+1 = sk+1 + βkpk\n",
    "    beta = np.dot(s1.T, s1) / np.dot(s0.T, s0)\n",
    "    p0 = s1 + beta * p0\n",
    "\n",
    "    # 6. Update k = k + 1\n",
    "    s0 = s1\n",
    "\n",
    "    i+=1\n",
    "\n",
    "    print(\"This is iteration number: \" + str(i))\n",
    "    print(\"The current x0 is: \" + str(x0))\n",
    "\n",
    "    print(x0,\"\\n\")\n",
    "\n",
    "  return x0\n"
   ]
  },
  {
   "cell_type": "code",
   "execution_count": 778,
   "metadata": {},
   "outputs": [
    {
     "name": "stdout",
     "output_type": "stream",
     "text": [
      "[0.5 0.5 0.5 0.5 0.5 0.5 0.5]\n",
      "(7,)\n",
      "\n",
      "_______\n",
      " Matrix:\n",
      "[[ 1.65050277e-03  8.18195548e-04  2.67470651e-03  2.79154230e-03\n",
      "   2.80964685e-03 -1.89096200e-03 -1.00000000e+00]\n",
      " [ 8.18195548e-04  2.20931441e-03  2.35899129e-03  1.69373470e-03\n",
      "   1.58213448e-03  1.02481851e-02 -1.00000000e+00]\n",
      " [ 2.67470651e-03  2.35899129e-03  7.00660615e-03  4.11105975e-03\n",
      "   4.15259644e-03 -7.65197000e-05 -1.00000000e+00]\n",
      " [ 2.79154230e-03  1.69373470e-03  4.11105975e-03  6.89598316e-03\n",
      "   5.74105831e-03  6.58928800e-04 -1.00000000e+00]\n",
      " [ 2.80964685e-03  1.58213448e-03  4.15259644e-03  5.74105831e-03\n",
      "   6.60386671e-03 -1.91231931e-02 -1.00000000e+00]\n",
      " [-1.89096200e-03  1.02481851e-02 -7.65197000e-05  6.58928800e-04\n",
      "  -1.91231931e-02  0.00000000e+00  0.00000000e+00]\n",
      " [-1.00000000e+00 -1.00000000e+00 -1.00000000e+00 -1.00000000e+00\n",
      "  -1.00000000e+00  0.00000000e+00  0.00000000e+00]]\n",
      "(7, 7)\n",
      "This is iteration number: 1\n",
      "The current x0 is: [ 0.26712339  0.26948633  0.26979574  0.27018691  0.26545812  0.4976073\n",
      " -0.20487051]\n",
      "[ 0.26712339  0.26948633  0.26979574  0.27018691  0.26545812  0.4976073\n",
      " -0.20487051] \n",
      "\n",
      "This is iteration number: 2\n",
      "The current x0 is: [0.19941153 0.19923278 0.20037176 0.20046873 0.20038501 0.49894972\n",
      " 0.00230412]\n",
      "[0.19941153 0.19923278 0.20037176 0.20046873 0.20038501 0.49894972\n",
      " 0.00230412] \n",
      "\n",
      "This is iteration number: 3\n",
      "The current x0 is: [ 0.04106477  0.88934321  0.46611666  0.54959631 -0.94606199  0.19036234\n",
      "  0.00151685]\n",
      "[ 0.04106477  0.88934321  0.46611666  0.54959631 -0.94606199  0.19036234\n",
      "  0.00151685] \n",
      "\n",
      "This is iteration number: 4\n",
      "The current x0 is: [0.19294231 0.24595863 0.20106519 0.23934602 0.12068331 0.03778976\n",
      " 0.00310088]\n",
      "[0.19294231 0.24595863 0.20106519 0.23934602 0.12068331 0.03778976\n",
      " 0.00310088] \n",
      "\n",
      "This is iteration number: 5\n",
      "The current x0 is: [ 0.81236337  0.63567736 -0.32007272 -0.37687636  0.24890835  0.01596052\n",
      "  0.00095418]\n",
      "[ 0.81236337  0.63567736 -0.32007272 -0.37687636  0.24890835  0.01596052\n",
      "  0.00095418] \n",
      "\n",
      "This is iteration number: 6\n",
      "The current x0 is: [ 1.36871354e+00  3.04428909e-01 -3.40077867e-01 -3.50137661e-01\n",
      "  1.70813922e-02  2.02065785e-02  6.34920694e-04]\n",
      "[ 1.36871354e+00  3.04428909e-01 -3.40077867e-01 -3.50137661e-01\n",
      "  1.70813922e-02  2.02065785e-02  6.34920694e-04] \n",
      "\n",
      "This is iteration number: 7\n",
      "The current x0 is: [ 1.36871104e+00  3.04426927e-01 -3.40082869e-01 -3.50137510e-01\n",
      "  1.70793720e-02  2.02067580e-02  6.30143148e-04]\n",
      "[ 1.36871104e+00  3.04426927e-01 -3.40082869e-01 -3.50137510e-01\n",
      "  1.70793720e-02  2.02067580e-02  6.30143148e-04] \n",
      "\n"
     ]
    }
   ],
   "source": [
    "#x0 = np.random.dirichlet(np.ones(len(matrix)), size=1)[0]\n",
    "x0 = np.full(len(matrix), 0.5)\n",
    "print(x0)\n",
    "print(x0.shape)\n",
    "tolerance = 1e-10\n",
    "weight = conjugate_gradient(covarianceMatrix_small, meanReturns_small, b , x0, tolerance)"
   ]
  },
  {
   "cell_type": "code",
   "execution_count": 770,
   "metadata": {},
   "outputs": [
    {
     "name": "stdout",
     "output_type": "stream",
     "text": [
      "[ 1.36871104e+00  3.04426927e-01 -3.40082869e-01 -3.50137510e-01\n",
      "  1.70793720e-02  2.02067580e-02  6.30143148e-04]\n"
     ]
    }
   ],
   "source": [
    "print(weight)"
   ]
  },
  {
   "cell_type": "markdown",
   "metadata": {},
   "source": [
    "## implment b from 0% to 10% with target_returns, Start portfolio backtesting"
   ]
  },
  {
   "cell_type": "code",
   "execution_count": 817,
   "metadata": {},
   "outputs": [
    {
     "name": "stdout",
     "output_type": "stream",
     "text": [
      "[[ 0.          0.          0.          0.          0.         -0.\n",
      "  -1.        ]\n",
      " [ 0.          0.          0.          0.          0.         -0.00526316\n",
      "  -1.        ]\n",
      " [ 0.          0.          0.          0.          0.         -0.01052632\n",
      "  -1.        ]\n",
      " [ 0.          0.          0.          0.          0.         -0.01578947\n",
      "  -1.        ]\n",
      " [ 0.          0.          0.          0.          0.         -0.02105263\n",
      "  -1.        ]\n",
      " [ 0.          0.          0.          0.          0.         -0.02631579\n",
      "  -1.        ]\n",
      " [ 0.          0.          0.          0.          0.         -0.03157895\n",
      "  -1.        ]\n",
      " [ 0.          0.          0.          0.          0.         -0.03684211\n",
      "  -1.        ]\n",
      " [ 0.          0.          0.          0.          0.         -0.04210526\n",
      "  -1.        ]\n",
      " [ 0.          0.          0.          0.          0.         -0.04736842\n",
      "  -1.        ]\n",
      " [ 0.          0.          0.          0.          0.         -0.05263158\n",
      "  -1.        ]\n",
      " [ 0.          0.          0.          0.          0.         -0.05789474\n",
      "  -1.        ]\n",
      " [ 0.          0.          0.          0.          0.         -0.06315789\n",
      "  -1.        ]\n",
      " [ 0.          0.          0.          0.          0.         -0.06842105\n",
      "  -1.        ]\n",
      " [ 0.          0.          0.          0.          0.         -0.07368421\n",
      "  -1.        ]\n",
      " [ 0.          0.          0.          0.          0.         -0.07894737\n",
      "  -1.        ]\n",
      " [ 0.          0.          0.          0.          0.         -0.08421053\n",
      "  -1.        ]\n",
      " [ 0.          0.          0.          0.          0.         -0.08947368\n",
      "  -1.        ]\n",
      " [ 0.          0.          0.          0.          0.         -0.09473684\n",
      "  -1.        ]\n",
      " [ 0.          0.          0.          0.          0.         -0.1\n",
      "  -1.        ]]\n",
      "(20, 7)\n",
      "[ 0.          0.          0.          0.          0.         -0.00526316\n",
      " -1.        ]\n"
     ]
    }
   ],
   "source": [
    "target_returns = np.linspace(0, 0.1, 20)\n",
    "\n",
    "\n",
    "#target_returns is an array\n",
    "n = len(target_returns)\n",
    "\n",
    "\n",
    "# Initialize b_matrix with the correct shape\n",
    "b_matrix = np.zeros((n, len(mean_returns) + 2))\n",
    "\n",
    "for i in range(len(target_returns)):\n",
    "    b = np.append(np.zeros(len(mean_returns)), -target_returns[i])\n",
    "    b = np.append(b, -1)\n",
    "    b_matrix[i] = b\n",
    "\n"
   ]
  },
  {
   "cell_type": "code",
   "execution_count": 779,
   "metadata": {},
   "outputs": [
    {
     "name": "stdout",
     "output_type": "stream",
     "text": [
      "\n",
      "_______\n",
      " Matrix:\n",
      "[[ 1.65050277e-03  8.18195548e-04  2.67470651e-03  2.79154230e-03\n",
      "   2.80964685e-03 -1.89096200e-03 -1.00000000e+00]\n",
      " [ 8.18195548e-04  2.20931441e-03  2.35899129e-03  1.69373470e-03\n",
      "   1.58213448e-03  1.02481851e-02 -1.00000000e+00]\n",
      " [ 2.67470651e-03  2.35899129e-03  7.00660615e-03  4.11105975e-03\n",
      "   4.15259644e-03 -7.65197000e-05 -1.00000000e+00]\n",
      " [ 2.79154230e-03  1.69373470e-03  4.11105975e-03  6.89598316e-03\n",
      "   5.74105831e-03  6.58928800e-04 -1.00000000e+00]\n",
      " [ 2.80964685e-03  1.58213448e-03  4.15259644e-03  5.74105831e-03\n",
      "   6.60386671e-03 -1.91231931e-02 -1.00000000e+00]\n",
      " [-1.89096200e-03  1.02481851e-02 -7.65197000e-05  6.58928800e-04\n",
      "  -1.91231931e-02  0.00000000e+00  0.00000000e+00]\n",
      " [-1.00000000e+00 -1.00000000e+00 -1.00000000e+00 -1.00000000e+00\n",
      "  -1.00000000e+00  0.00000000e+00  0.00000000e+00]]\n",
      "(7, 7)\n",
      "This is iteration number: 1\n",
      "The current x0 is: [ 0.26712339  0.26948633  0.26979574  0.27018691  0.26545812  0.4976073\n",
      " -0.20487051]\n",
      "[ 0.26712339  0.26948633  0.26979574  0.27018691  0.26545812  0.4976073\n",
      " -0.20487051] \n",
      "\n",
      "This is iteration number: 2\n",
      "The current x0 is: [0.19941153 0.19923278 0.20037176 0.20046873 0.20038501 0.49894972\n",
      " 0.00230412]\n",
      "[0.19941153 0.19923278 0.20037176 0.20046873 0.20038501 0.49894972\n",
      " 0.00230412] \n",
      "\n",
      "This is iteration number: 3\n",
      "The current x0 is: [ 0.04106477  0.88934321  0.46611666  0.54959631 -0.94606199  0.19036234\n",
      "  0.00151685]\n",
      "[ 0.04106477  0.88934321  0.46611666  0.54959631 -0.94606199  0.19036234\n",
      "  0.00151685] \n",
      "\n",
      "This is iteration number: 4\n",
      "The current x0 is: [0.19294231 0.24595863 0.20106519 0.23934602 0.12068331 0.03778976\n",
      " 0.00310088]\n",
      "[0.19294231 0.24595863 0.20106519 0.23934602 0.12068331 0.03778976\n",
      " 0.00310088] \n",
      "\n",
      "This is iteration number: 5\n",
      "The current x0 is: [ 0.81236337  0.63567736 -0.32007272 -0.37687636  0.24890835  0.01596052\n",
      "  0.00095418]\n",
      "[ 0.81236337  0.63567736 -0.32007272 -0.37687636  0.24890835  0.01596052\n",
      "  0.00095418] \n",
      "\n",
      "This is iteration number: 6\n",
      "The current x0 is: [ 1.36871354e+00  3.04428909e-01 -3.40077867e-01 -3.50137661e-01\n",
      "  1.70813922e-02  2.02065785e-02  6.34920694e-04]\n",
      "[ 1.36871354e+00  3.04428909e-01 -3.40077867e-01 -3.50137661e-01\n",
      "  1.70813922e-02  2.02065785e-02  6.34920694e-04] \n",
      "\n",
      "This is iteration number: 7\n",
      "The current x0 is: [ 1.36871104e+00  3.04426927e-01 -3.40082869e-01 -3.50137510e-01\n",
      "  1.70793720e-02  2.02067580e-02  6.30143148e-04]\n",
      "[ 1.36871104e+00  3.04426927e-01 -3.40082869e-01 -3.50137510e-01\n",
      "  1.70793720e-02  2.02067580e-02  6.30143148e-04] \n",
      "\n"
     ]
    }
   ],
   "source": [
    "weight = conjugate_gradient(covarianceMatrix_small, meanReturns_small, b , x0, tolerance)"
   ]
  },
  {
   "cell_type": "code",
   "execution_count": 835,
   "metadata": {},
   "outputs": [
    {
     "name": "stdout",
     "output_type": "stream",
     "text": [
      "\n",
      "_______\n",
      " Matrix:\n",
      "[[ 1.65050277e-03  8.18195548e-04  2.67470651e-03  2.79154230e-03\n",
      "   2.80964685e-03 -1.89096200e-03 -1.00000000e+00]\n",
      " [ 8.18195548e-04  2.20931441e-03  2.35899129e-03  1.69373470e-03\n",
      "   1.58213448e-03  1.02481851e-02 -1.00000000e+00]\n",
      " [ 2.67470651e-03  2.35899129e-03  7.00660615e-03  4.11105975e-03\n",
      "   4.15259644e-03 -7.65197000e-05 -1.00000000e+00]\n",
      " [ 2.79154230e-03  1.69373470e-03  4.11105975e-03  6.89598316e-03\n",
      "   5.74105831e-03  6.58928800e-04 -1.00000000e+00]\n",
      " [ 2.80964685e-03  1.58213448e-03  4.15259644e-03  5.74105831e-03\n",
      "   6.60386671e-03 -1.91231931e-02 -1.00000000e+00]\n",
      " [-1.89096200e-03  1.02481851e-02 -7.65197000e-05  6.58928800e-04\n",
      "  -1.91231931e-02  0.00000000e+00  0.00000000e+00]\n",
      " [-1.00000000e+00 -1.00000000e+00 -1.00000000e+00 -1.00000000e+00\n",
      "  -1.00000000e+00  0.00000000e+00  0.00000000e+00]]\n",
      "(7, 7)\n",
      "This is iteration number: 1\n",
      "The current x0 is: [ 0.26712339  0.26948633  0.26979574  0.27018691  0.26545812  0.4976073\n",
      " -0.20487051]\n",
      "[ 0.26712339  0.26948633  0.26979574  0.27018691  0.26545812  0.4976073\n",
      " -0.20487051] \n",
      "\n",
      "This is iteration number: 2\n",
      "The current x0 is: [0.19941153 0.19923278 0.20037176 0.20046873 0.20038501 0.49894972\n",
      " 0.00230412]\n",
      "[0.19941153 0.19923278 0.20037176 0.20046873 0.20038501 0.49894972\n",
      " 0.00230412] \n",
      "\n",
      "This is iteration number: 3\n",
      "The current x0 is: [ 0.04106477  0.88934321  0.46611666  0.54959631 -0.94606199  0.19036234\n",
      "  0.00151685]\n",
      "[ 0.04106477  0.88934321  0.46611666  0.54959631 -0.94606199  0.19036234\n",
      "  0.00151685] \n",
      "\n",
      "This is iteration number: 4\n",
      "The current x0 is: [0.19294231 0.24595863 0.20106519 0.23934602 0.12068331 0.03778976\n",
      " 0.00310088]\n",
      "[0.19294231 0.24595863 0.20106519 0.23934602 0.12068331 0.03778976\n",
      " 0.00310088] \n",
      "\n",
      "This is iteration number: 5\n",
      "The current x0 is: [ 0.81236337  0.63567736 -0.32007272 -0.37687636  0.24890835  0.01596052\n",
      "  0.00095418]\n",
      "[ 0.81236337  0.63567736 -0.32007272 -0.37687636  0.24890835  0.01596052\n",
      "  0.00095418] \n",
      "\n",
      "This is iteration number: 6\n",
      "The current x0 is: [ 1.36871354e+00  3.04428909e-01 -3.40077867e-01 -3.50137661e-01\n",
      "  1.70813922e-02  2.02065785e-02  6.34920694e-04]\n",
      "[ 1.36871354e+00  3.04428909e-01 -3.40077867e-01 -3.50137661e-01\n",
      "  1.70813922e-02  2.02065785e-02  6.34920694e-04] \n",
      "\n",
      "This is iteration number: 7\n",
      "The current x0 is: [ 1.36871104e+00  3.04426927e-01 -3.40082869e-01 -3.50137510e-01\n",
      "  1.70793720e-02  2.02067580e-02  6.30143148e-04]\n",
      "[ 1.36871104e+00  3.04426927e-01 -3.40082869e-01 -3.50137510e-01\n",
      "  1.70793720e-02  2.02067580e-02  6.30143148e-04] \n",
      "\n",
      "[ 1.36871104e+00  3.04426927e-01 -3.40082869e-01 -3.50137510e-01\n",
      "  1.70793720e-02  2.02067580e-02  6.30143148e-04]\n",
      "\n",
      "_______\n",
      " Matrix:\n",
      "[[ 1.65050277e-03  8.18195548e-04  2.67470651e-03  2.79154230e-03\n",
      "   2.80964685e-03 -1.89096200e-03 -1.00000000e+00]\n",
      " [ 8.18195548e-04  2.20931441e-03  2.35899129e-03  1.69373470e-03\n",
      "   1.58213448e-03  1.02481851e-02 -1.00000000e+00]\n",
      " [ 2.67470651e-03  2.35899129e-03  7.00660615e-03  4.11105975e-03\n",
      "   4.15259644e-03 -7.65197000e-05 -1.00000000e+00]\n",
      " [ 2.79154230e-03  1.69373470e-03  4.11105975e-03  6.89598316e-03\n",
      "   5.74105831e-03  6.58928800e-04 -1.00000000e+00]\n",
      " [ 2.80964685e-03  1.58213448e-03  4.15259644e-03  5.74105831e-03\n",
      "   6.60386671e-03 -1.91231931e-02 -1.00000000e+00]\n",
      " [-1.89096200e-03  1.02481851e-02 -7.65197000e-05  6.58928800e-04\n",
      "  -1.91231931e-02  0.00000000e+00  0.00000000e+00]\n",
      " [-1.00000000e+00 -1.00000000e+00 -1.00000000e+00 -1.00000000e+00\n",
      "  -1.00000000e+00  0.00000000e+00  0.00000000e+00]]\n",
      "(7, 7)\n",
      "This is iteration number: 1\n",
      "The current x0 is: [ 0.26712341  0.26948635  0.26979576  0.27018693  0.26545815  0.50008053\n",
      " -0.20487044]\n",
      "[ 0.26712341  0.26948635  0.26979576  0.27018693  0.26545815  0.50008053\n",
      " -0.20487044] \n",
      "\n",
      "This is iteration number: 2\n",
      "The current x0 is: [0.19941155 0.19921997 0.20036984 0.20046603 0.20040324 0.49896624\n",
      " 0.00230764]\n",
      "[0.19941155 0.19921997 0.20036984 0.20046603 0.20040324 0.49896624\n",
      " 0.00230764] \n",
      "\n",
      "This is iteration number: 3\n",
      "The current x0 is: [ 0.27148295 -0.11468037  0.07952062  0.04168292  0.72197372  0.27911677\n",
      "  0.003332  ]\n",
      "[ 0.27148295 -0.11468037  0.07952062  0.04168292  0.72197372  0.27911677\n",
      "  0.003332  ] \n",
      "\n",
      "This is iteration number: 4\n",
      "The current x0 is: [0.1870868  0.10967243 0.18276701 0.21524579 0.30522348 0.05781396\n",
      " 0.00340573]\n",
      "[0.1870868  0.10967243 0.18276701 0.21524579 0.30522348 0.05781396\n",
      " 0.00340573] \n",
      "\n",
      "This is iteration number: 5\n",
      "The current x0 is: [ 0.82605021  0.54095254 -0.27372403 -0.55914663  0.46586782  0.03326427\n",
      "  0.00110483]\n",
      "[ 0.82605021  0.54095254 -0.27372403 -0.55914663  0.46586782  0.03326427\n",
      "  0.00110483] \n",
      "\n",
      "This is iteration number: 6\n",
      "The current x0 is: [ 1.28405291e+00  3.04083721e-01 -4.30984646e-01 -4.53747557e-01\n",
      "  2.96599218e-01  4.35416161e-02  7.58679401e-04]\n",
      "[ 1.28405291e+00  3.04083721e-01 -4.30984646e-01 -4.53747557e-01\n",
      "  2.96599218e-01  4.35416161e-02  7.58679401e-04] \n",
      "\n",
      "This is iteration number: 7\n",
      "The current x0 is: [ 1.38160875  0.22866644 -0.35289493 -0.50402786  0.24493451  0.03993014\n",
      "  0.0021371 ]\n",
      "[ 1.38160875  0.22866644 -0.35289493 -0.50402786  0.24493451  0.03993014\n",
      "  0.0021371 ] \n",
      "\n",
      "This is iteration number: 8\n",
      "The current x0 is: [ 1.39957944e+00  2.16312970e-01 -3.38320161e-01 -5.11978473e-01\n",
      "  2.36748493e-01  3.92941499e-02  1.31524487e-03]\n",
      "[ 1.39957944e+00  2.16312970e-01 -3.38320161e-01 -5.11978473e-01\n",
      "  2.36748493e-01  3.92941499e-02  1.31524487e-03] \n",
      "\n",
      "This is iteration number: 9\n",
      "The current x0 is: [ 1.39356110e+00  2.20099397e-01 -3.43234782e-01 -5.09615382e-01\n",
      "  2.39189664e-01  3.94978930e-02  7.36845078e-04]\n",
      "[ 1.39356110e+00  2.20099397e-01 -3.43234782e-01 -5.09615382e-01\n",
      "  2.39189664e-01  3.94978930e-02  7.36845078e-04] \n",
      "\n",
      "[ 1.39356110e+00  2.20099397e-01 -3.43234782e-01 -5.09615382e-01\n",
      "  2.39189664e-01  3.94978930e-02  7.36845078e-04]\n",
      "\n",
      "_______\n",
      " Matrix:\n",
      "[[ 1.65050277e-03  8.18195548e-04  2.67470651e-03  2.79154230e-03\n",
      "   2.80964685e-03 -1.89096200e-03 -1.00000000e+00]\n",
      " [ 8.18195548e-04  2.20931441e-03  2.35899129e-03  1.69373470e-03\n",
      "   1.58213448e-03  1.02481851e-02 -1.00000000e+00]\n",
      " [ 2.67470651e-03  2.35899129e-03  7.00660615e-03  4.11105975e-03\n",
      "   4.15259644e-03 -7.65197000e-05 -1.00000000e+00]\n",
      " [ 2.79154230e-03  1.69373470e-03  4.11105975e-03  6.89598316e-03\n",
      "   5.74105831e-03  6.58928800e-04 -1.00000000e+00]\n",
      " [ 2.80964685e-03  1.58213448e-03  4.15259644e-03  5.74105831e-03\n",
      "   6.60386671e-03 -1.91231931e-02 -1.00000000e+00]\n",
      " [-1.89096200e-03  1.02481851e-02 -7.65197000e-05  6.58928800e-04\n",
      "  -1.91231931e-02  0.00000000e+00  0.00000000e+00]\n",
      " [-1.00000000e+00 -1.00000000e+00 -1.00000000e+00 -1.00000000e+00\n",
      "  -1.00000000e+00  0.00000000e+00  0.00000000e+00]]\n",
      "(7, 7)\n",
      "This is iteration number: 1\n",
      "The current x0 is: [ 0.26711971  0.26948269  0.2697921   0.27018328  0.26545442  0.5025538\n",
      " -0.20488165]\n",
      "[ 0.26711971  0.26948269  0.2697921   0.27018328  0.26545442  0.5025538\n",
      " -0.20488165] \n",
      "\n",
      "This is iteration number: 2\n",
      "The current x0 is: [0.19939554 0.19919069 0.20035161 0.20044697 0.20040588 0.49898205\n",
      " 0.00233758]\n",
      "[0.19939554 0.19919069 0.20035161 0.20044697 0.20040588 0.49898205\n",
      " 0.00233758] \n",
      "\n",
      "This is iteration number: 3\n",
      "The current x0 is: [ 0.24756682 -0.01047882  0.11964805  0.09440091  0.54885768  0.11148651\n",
      "  0.00346656]\n",
      "[ 0.24756682 -0.01047882  0.11964805  0.09440091  0.54885768  0.11148651\n",
      "  0.00346656] \n",
      "\n",
      "This is iteration number: 4\n",
      "The current x0 is: [ 1.24057881e+00  5.62156194e-01 -4.87896202e-01 -1.28694127e+00\n",
      "  9.72100932e-01  2.91222802e-01 -3.38496972e-04]\n",
      "[ 1.24057881e+00  5.62156194e-01 -4.87896202e-01 -1.28694127e+00\n",
      "  9.72100932e-01  2.91222802e-01 -3.38496972e-04] \n",
      "\n",
      "This is iteration number: 5\n",
      "The current x0 is: [ 0.83460808  0.44193827 -0.22825663 -0.7275601   0.6792702   0.04957859\n",
      "  0.00127945]\n",
      "[ 0.83460808  0.44193827 -0.22825663 -0.7275601   0.6792702   0.04957859\n",
      "  0.00127945] \n",
      "\n",
      "This is iteration number: 6\n",
      "The current x0 is: [ 1.18649460e+00  3.02983873e-01 -4.42958568e-01 -6.21698374e-01\n",
      "  5.75172541e-01  6.16838744e-02  9.11162904e-04]\n",
      "[ 1.18649460e+00  3.02983873e-01 -4.42958568e-01 -6.21698374e-01\n",
      "  5.75172541e-01  6.16838744e-02  9.11162904e-04] \n",
      "\n",
      "This is iteration number: 7\n",
      "The current x0 is: [ 1.5825857   0.0141067  -0.2820709  -0.70253558  0.37785771  0.05690065\n",
      " -0.00571491]\n",
      "[ 1.5825857   0.0141067  -0.2820709  -0.70253558  0.37785771  0.05690065\n",
      " -0.00571491] \n",
      "\n",
      "This is iteration number: 8\n",
      "The current x0 is: [ 1.40600534e+00  1.45835672e-01 -3.52737835e-01 -6.64465764e-01\n",
      "  4.68371577e-01  5.90569285e-02 -7.86063761e-05]\n",
      "[ 1.40600534e+00  1.45835672e-01 -3.52737835e-01 -6.64465764e-01\n",
      "  4.68371577e-01  5.90569285e-02 -7.86063761e-05] \n",
      "\n",
      "This is iteration number: 9\n",
      "The current x0 is: [ 1.41836380e+00  1.35896678e-01 -3.48035147e-01 -6.67635986e-01\n",
      "  4.61410653e-01  5.89034327e-02  8.42594306e-04]\n",
      "[ 1.41836380e+00  1.35896678e-01 -3.48035147e-01 -6.67635986e-01\n",
      "  4.61410653e-01  5.89034327e-02  8.42594306e-04] \n",
      "\n",
      "[ 1.41836380e+00  1.35896678e-01 -3.48035147e-01 -6.67635986e-01\n",
      "  4.61410653e-01  5.89034327e-02  8.42594306e-04]\n",
      "\n",
      "_______\n",
      " Matrix:\n",
      "[[ 1.65050277e-03  8.18195548e-04  2.67470651e-03  2.79154230e-03\n",
      "   2.80964685e-03 -1.89096200e-03 -1.00000000e+00]\n",
      " [ 8.18195548e-04  2.20931441e-03  2.35899129e-03  1.69373470e-03\n",
      "   1.58213448e-03  1.02481851e-02 -1.00000000e+00]\n",
      " [ 2.67470651e-03  2.35899129e-03  7.00660615e-03  4.11105975e-03\n",
      "   4.15259644e-03 -7.65197000e-05 -1.00000000e+00]\n",
      " [ 2.79154230e-03  1.69373470e-03  4.11105975e-03  6.89598316e-03\n",
      "   5.74105831e-03  6.58928800e-04 -1.00000000e+00]\n",
      " [ 2.80964685e-03  1.58213448e-03  4.15259644e-03  5.74105831e-03\n",
      "   6.60386671e-03 -1.91231931e-02 -1.00000000e+00]\n",
      " [-1.89096200e-03  1.02481851e-02 -7.65197000e-05  6.58928800e-04\n",
      "  -1.91231931e-02  0.00000000e+00  0.00000000e+00]\n",
      " [-1.00000000e+00 -1.00000000e+00 -1.00000000e+00 -1.00000000e+00\n",
      "  -1.00000000e+00  0.00000000e+00  0.00000000e+00]]\n",
      "(7, 7)\n",
      "This is iteration number: 1\n",
      "The current x0 is: [ 0.26711228  0.26947533  0.26978476  0.27017595  0.26544694  0.50502723\n",
      " -0.20490412]\n",
      "[ 0.26711228  0.26947533  0.26978476  0.27017595  0.26544694  0.50502723\n",
      " -0.20490412] \n",
      "\n",
      "This is iteration number: 2\n",
      "The current x0 is: [0.19936348 0.19914493 0.20031706 0.20041155 0.20039296 0.49899592\n",
      " 0.00239393]\n",
      "[0.19936348 0.19914493 0.20031706 0.20041155 0.20039296 0.49899592\n",
      " 0.00239393] \n",
      "\n",
      "This is iteration number: 3\n",
      "The current x0 is: [ 0.25181843 -0.02902096  0.11251333  0.08502467  0.57965968 -0.18460782\n",
      "  0.00410623]\n",
      "[ 0.25181843 -0.02902096  0.11251333  0.08502467  0.57965968 -0.18460782\n",
      "  0.00410623] \n",
      "\n",
      "This is iteration number: 4\n",
      "The current x0 is: [ 0.1790212  -0.20678464  0.13551025  0.15211698  0.74013019  0.17344278\n",
      "  0.00396163]\n",
      "[ 0.1790212  -0.20678464  0.13551025  0.15211698  0.74013019  0.17344278\n",
      "  0.00396163] \n",
      "\n",
